MAEFILE: opt.02.mae
&gen 
basis=6-31g** 
igeopt=2 
ifreq=1 
multip=2 
dftname=pbe-d3 
&
&zmat
 H1             0.0755037799             0.9327194704            0.0000000000
 H2             0.0010919936             0.0045850139            0.0000000000
 H3            -0.0765957735            -0.9373044843            0.0000000000
&
&guess  basgss=6-31g** numd=6
Alpha Molecular Orbitals
    1 Alpha Orbital Energy    -0.448679 Occupation  1.000000 Symmetry Ap      
  0.241972934915770  0.180691225489642 -0.001087636680718 -0.013554382647342
  0.000000000000000  0.299048139663424  0.235815044244516 -0.000024385159968
  0.000071171238643  0.000000000000000  0.239579520615723  0.180492208583338
  0.001113653764986  0.013514551669931  0.000000000000000
    2 Alpha Orbital Energy    -0.214245 Occupation  1.000000 Symmetry Ap      
  0.319385043318654  0.550233157061916  0.000037413733365  0.000307108177138
  0.000000000000000  0.003027873210141  0.003087134093566  0.002250730244854
  0.027674217599401  0.000000000000000 -0.323496906491803 -0.560253672056642
  0.000016239379078  0.000349769373731  0.000000000000000
    3 Alpha Orbital Energy     0.122219 Occupation  0.000000 Symmetry Ap      
 -0.067768556294615 -1.511504487280450 -0.002208230700958 -0.028138785270207
  0.000000000000000  0.316713874642882  2.230647381819944  0.000003139851232
 -0.000463335183434  0.000000000000000 -0.066450234003839 -1.480182011523627
  0.002374543266663  0.028204201627635  0.000000000000000
    4 Alpha Orbital Energy     0.636507 Occupation  0.000000 Symmetry Ap      
 -0.775109309261961  0.197118987108383  0.001803077053081  0.021941474196692
  0.000000000000000 -0.550642038781423  1.130843204326504 -0.000245061684995
 -0.006616436507373  0.000000000000000 -0.707463197010287  0.114848456719306
 -0.001608992107529 -0.020012210674665  0.000000000000000
    5 Alpha Orbital Energy     0.665464 Occupation  0.000000 Symmetry Ap      
  0.776796701576996 -1.003628885451268 -0.001488033462677 -0.018089822743854
  0.000000000000000 -0.010843801441462  0.016224011117892  0.014024972051307
  0.172302507167381  0.000000000000000 -0.857696441280352  1.055675628271655
 -0.001799439642394 -0.022269556802914  0.000000000000000
    6 Alpha Orbital Energy     0.927551 Occupation  0.000000 Symmetry Ap      
 -0.552370527117468  1.466893725927833 -0.010487789095668 -0.128200082268991
  0.000000000000000  1.146700804068251 -2.656286178405716 -0.000798407889993
 -0.008244505191640  0.000000000000000 -0.529574761070400  1.425027923750320
  0.010118543081963  0.125203639530967  0.000000000000000
    7 Alpha Orbital Energy     1.517395 Occupation  0.000000 Symmetry App     
  0.000000000000000  0.000000000000000  0.000000000000000  0.000000000000000
  0.459948408284435  0.000000000000000  0.000000000000000  0.000000000000000
  0.000000000000000  0.618533462906859  0.000000000000000  0.000000000000000
  0.000000000000000  0.000000000000000  0.452664499691220
    8 Alpha Orbital Energy     1.517396 Occupation  0.000000 Symmetry Ap      
 -0.000130889714489 -0.001601416113325 -0.458492616528750  0.036569841200033
  0.000000000000000 -0.001189320204291  0.003396676525800 -0.616499144734138
  0.050117986132523  0.000000000000000 -0.000177360317558 -0.001539736536292
 -0.451111573077753  0.037466632954531  0.000000000000000
    9 Alpha Orbital Energy     1.833802 Occupation  0.000000 Symmetry Ap      
 -0.340647061823924  0.290284445400139 -0.038263501265353 -0.528333323223866
  0.000000000000000  0.001652754306587  0.013888037638067  0.028102255348736
  0.345827670920958  0.000000000000000  0.332263520428272 -0.301646096528697
 -0.048975897791248 -0.541658668462151  0.000000000000000
   10 Alpha Orbital Energy     1.885863 Occupation  0.000000 Symmetry App     
  0.000000000000000  0.000000000000000  0.000000000000000  0.000000000000000
 -0.698721845848485  0.000000000000000  0.000000000000000  0.000000000000000
  0.000000000000000 -0.000882242376988  0.000000000000000  0.000000000000000
  0.000000000000000  0.000000000000000  0.716083557804265
   11 Alpha Orbital Energy     1.885865 Occupation  0.000000 Symmetry Ap      
  0.001970803068570 -0.001980204302424  0.696751610926069 -0.052388758188672
  0.000000000000000 -0.000004200766403 -0.000075968315202  0.000747910482682
 -0.001688821977255  0.000000000000000 -0.001927804429005  0.002040114737716
 -0.713355728440189  0.062396795767544  0.000000000000000
   12 Alpha Orbital Energy     2.502959 Occupation  0.000000 Symmetry Ap      
  0.000004162594200  0.001430084296533  0.577179510735156 -0.049590135888768
  0.000000000000000 -0.003139365466570 -0.001177986333390 -0.824743003726349
  0.067105556434613  0.000000000000000  0.000019141091227  0.001392476154914
  0.558906898762742 -0.042845939005553  0.000000000000000
Beta Molecular Orbitals
    1 Beta Orbital Energy    -0.407244 Occupation  1.000000 Symmetry Ap      
  0.199738571559910  0.119059054146087 -0.001288990990543 -0.016020100394516
  0.000000000000000  0.340230629616247  0.354243593177783 -0.000034196094527
  0.000010612569835  0.000000000000000  0.193894219844731  0.115540922318731
  0.001297139981285  0.015782740396110  0.000000000000000
    2 Beta Orbital Energy    -0.119539 Occupation  0.000000 Symmetry Ap      
 -0.282587641017331 -0.596405048905083  0.000604720612037  0.007652589102150
  0.000000000000000 -0.000254257839353  0.006425764219781 -0.002549426527795
 -0.031342353777936  0.000000000000000  0.285216161921194  0.599101602924749
  0.000682645956845  0.008172278049073  0.000000000000000
    3 Beta Orbital Energy     0.174265 Occupation  0.000000 Symmetry Ap      
  0.065936801547917  1.530883824668505  0.001277546733132  0.016529461125832
  0.000000000000000 -0.315382487761298 -2.192804741983347 -0.000041917423316
  0.000285058158098  0.000000000000000  0.066979716714953  1.503477652536886
 -0.001384087791756 -0.016203691820294  0.000000000000000
    4 Beta Orbital Energy     0.681651 Occupation  0.000000 Symmetry Ap      
  0.679986289426493  0.092729947198163 -0.003636184152278 -0.044492915950935
  0.000000000000000  0.740541223114121 -1.617611468325762  0.000223230154121
  0.006848406852478  0.000000000000000  0.606860129120533  0.178783472045828
  0.003408929389947  0.042130002341211  0.000000000000000
    5 Beta Orbital Energy     0.745444 Occupation  0.000000 Symmetry Ap      
  0.780745207631504 -0.998611278595779 -0.001620787913856 -0.019802649397350
  0.000000000000000 -0.029039441000321  0.058885476047932  0.015574922706105
  0.191304896190169  0.000000000000000 -0.854264274818975  1.009026719041803
 -0.002263434626296 -0.027895232272691  0.000000000000000
    6 Beta Orbital Energy     0.977946 Occupation  0.000000 Symmetry Ap      
 -0.677879138335222  1.447057587288379 -0.009011117432117 -0.110333408848729
  0.000000000000000  1.035170422725561 -2.410105622973512 -0.000600208078140
 -0.006970184550547  0.000000000000000 -0.664808587819346  1.417220967871806
  0.008655010275281  0.106903606418716  0.000000000000000
    7 Beta Orbital Energy     1.559187 Occupation  0.000000 Symmetry App     
  0.000000000000000  0.000000000000000  0.000000000000000  0.000000000000000
 -0.420922027237570  0.000000000000000  0.000000000000000  0.000000000000000
  0.000000000000000 -0.675298528499740  0.000000000000000  0.000000000000000
  0.000000000000000  0.000000000000000 -0.409028379825010
    8 Beta Orbital Energy     1.559188 Occupation  0.000000 Symmetry Ap      
 -0.000233777954104 -0.001550648859674 -0.419593079975886  0.033426062853116
  0.000000000000000 -0.001118789670158  0.003349487675815 -0.673077559849156
  0.054717805007545  0.000000000000000 -0.000280126407253 -0.001494894618575
 -0.407621993949444  0.033893707655083  0.000000000000000
    9 Beta Orbital Energy     1.920451 Occupation  0.000000 Symmetry Ap      
  0.373405029125309 -0.297252967806239  0.038158390970546  0.510203824762569
  0.000000000000000 -0.000765030359800 -0.011912561798712 -0.030530809098433
 -0.376009727399997  0.000000000000000 -0.366451131610950  0.306706198232456
  0.045859314585375  0.520814208404244  0.000000000000000
   10 Beta Orbital Energy     2.001497 Occupation  0.000000 Symmetry App     
  0.000000000000000  0.000000000000000  0.000000000000000  0.000000000000000
  0.698868092702157  0.000000000000000  0.000000000000000  0.000000000000000
  0.000000000000000 -0.004409212663308  0.000000000000000  0.000000000000000
  0.000000000000000  0.000000000000000 -0.715953135609080
   11 Beta Orbital Energy     2.001498 Occupation  0.000000 Symmetry Ap      
  0.001429627084654 -0.001443808352051  0.696817906971730 -0.053473829169391
  0.000000000000000 -0.000002921321138 -0.000030674938237 -0.004479666161710
 -0.000688666964048  0.000000000000000 -0.001414786065352  0.001467589612169
 -0.713323754201967  0.061282584029186  0.000000000000000
&
&hess
   1
   1  6.627636E-03
   2  6.116223E-03  8.208342E-02
   3 -7.931098E-10 -4.763623E-09  6.135044E-03
   4 -1.212207E-02  9.937752E-04  4.997669E-10  2.397308E-02
   5  8.482278E-04 -1.622090E-03 -6.085046E-09 -2.474539E-03 -6.102020E-03
   6  1.818959E-10 -1.545167E-08 -1.220174E-02 -1.916685E-09 -5.755101E-09
   7  5.493281E-03 -7.109578E-03  2.128080E-10 -1.185283E-02  1.625815E-03
   8 -6.963954E-03 -8.045384E-02  9.955898E-09  1.481085E-03  7.726767E-03
   9 -1.073253E-09 -1.719091E-09  6.065494E-03  4.258186E-10 -7.075846E-09
   6
   6  2.417502E-02
   7  2.435949E-09  6.358617E-03
   8  2.225704E-08  5.484631E-03  7.273368E-02
   9 -1.197506E-02  1.095287E-09  9.640894E-09  5.908461E-03
&
&valid
version=1.0
geometry
atom_num=3
   1     0.0755037799     0.9327194704     0.0000000000
   1     0.0010919936     0.0045850139     0.0000000000
   1    -0.0765957735    -0.9373044843     0.0000000000
end
molecule
molchg=0
multip=2
qs_cuts=   0    0    0
end
basis
name=6-31g**                         
numd=6
atom_basis_num=0
end
&
