MAEFILE: init.01.mae
&gen 
basis=6-31g** 
igeopt=1 
multip=2 
dftname=pbe-d3 
ifreq=1 
&
&zmat
 H1            -0.0233866624             1.3712771783            0.0000000000
 H2            -0.0159519962             0.6206026359            0.0000000000
 H3             0.0393386586            -1.9918798142            0.0000000000
&
&guess  basgss=6-31g** numd=6
Alpha Molecular Orbitals
    1 Alpha Orbital Energy    -0.376734 Occupation  1.000000 Symmetry Ap      
  0.321754731663492  0.268010202468955  0.000142130100692 -0.014350590324501
  0.000000000000000  0.322109496277243  0.273223396763119 -0.000136994583469
  0.014172201352174  0.000000000000000  0.032309158020488  0.051145359580766
 -0.000035655579746  0.001709755205262  0.000000000000000
    2 Alpha Orbital Energy    -0.272935 Occupation  1.000000 Symmetry Ap      
 -0.049280046839640 -0.082058111853615 -0.000010955512058  0.001616617355630
  0.000000000000000 -0.033785090309337  0.024044476377857  0.000077989235875
 -0.004182550384634  0.000000000000000  0.430198441048052  0.655206298590905
 -0.000008698890010  0.000170587058393  0.000000000000000
    3 Alpha Orbital Energy     0.082061 Occupation  0.000000 Symmetry Ap      
 -0.186106441787590 -1.590422488159817  0.000160328843905 -0.016296964530852
  0.000000000000000  0.197166665339736  1.587133987536673  0.000146915517458
 -0.015478168024807  0.000000000000000 -0.102972060715399 -0.075303373591366
 -0.000309164425993  0.014144597173449  0.000000000000000
    4 Alpha Orbital Energy     0.539412 Occupation  0.000000 Symmetry Ap      
  0.672381674845250 -0.674732176544202  0.000432321678426 -0.044741353779934
  0.000000000000000  0.710767329664297 -0.568927310432698 -0.000460921724063
  0.039075405681040  0.000000000000000  0.424263674641722 -0.317359739921433
  0.000327383471033 -0.015871385380410  0.000000000000000
    5 Alpha Orbital Energy     0.700012 Occupation  0.000000 Symmetry Ap      
 -0.443946725524840  0.245565298950747  0.000188396298183 -0.024880570286348
  0.000000000000000 -0.110209263307489  0.320064521551985  0.000158890584595
 -0.049252380812326  0.000000000000000  1.162081275611928 -1.109719250585461
 -0.000227132185837  0.010846641795224  0.000000000000000
    6 Alpha Orbital Energy     1.005682 Occupation  0.000000 Symmetry Ap      
 -0.851852884469421  1.530738642779761  0.002404009891902 -0.237762848374489
  0.000000000000000  0.934356554219418 -1.625592058936869  0.002512907223482
 -0.235482308566428  0.000000000000000 -0.266691678644129  0.359021552795662
  0.001395788744334 -0.064379873006514  0.000000000000000
    7 Alpha Orbital Energy     1.610349 Occupation  0.000000 Symmetry App     
  0.000000000000000  0.000000000000000  0.000000000000000  0.000000000000000
  0.613301966341236  0.000000000000000  0.000000000000000  0.000000000000000
  0.000000000000000  0.612707565367307  0.000000000000000  0.000000000000000
  0.000000000000000  0.000000000000000  0.000049740498308
    8 Alpha Orbital Energy     1.610350 Occupation  0.000000 Symmetry Ap      
  0.000070808174842 -0.000348367637070  0.613272182419520  0.006110874805348
  0.000000000000000 -0.000190172337433  0.000501903196714  0.612676486519559
  0.006099858039834  0.000000000000000  0.000645439318733 -0.000795546907632
  0.000047434878711  0.000107685558345  0.000000000000000
    9 Alpha Orbital Energy     1.871813 Occupation  0.000000 Symmetry App     
  0.000000000000000  0.000000000000000  0.000000000000000  0.000000000000000
  0.000055369266543  0.000000000000000  0.000000000000000  0.000000000000000
  0.000000000000000  0.000006726886500  0.000000000000000  0.000000000000000
  0.000000000000000  0.000000000000000 -0.999999998331447
   10 Alpha Orbital Energy     1.871814 Occupation  0.000000 Symmetry Ap      
  0.000011944036795 -0.000022149472707 -0.000055200949818 -0.000018337480433
  0.000000000000000  0.000008559411888 -0.000013928865019 -0.000006921396725
  0.000019291183742  0.000000000000000 -0.000001318010109  0.000008589775572
  0.999766292574547  0.021618414228799  0.000000000000000
   11 Alpha Orbital Energy     1.885224 Occupation  0.000000 Symmetry Ap      
  0.068473530783310 -0.201064392040000 -0.000258217886234  0.035888265605377
  0.000000000000000 -0.098697266494893  0.252243795561932  0.000114405941533
 -0.009536552609735  0.000000000000000  0.031050422546157 -0.049157703960119
  0.021579122039200 -0.997913962692175  0.000000000000000
   12 Alpha Orbital Energy     2.294859 Occupation  0.000000 Symmetry Ap      
 -0.386920335935579  0.185830102107958  0.006389907578732 -0.643036182282011
  0.000000000000000 -0.393518115634134  0.204020740382209 -0.006387389616229
  0.643538195936121  0.000000000000000 -0.005576687218204 -0.003488933820320
  0.000790550614663 -0.037985419503378  0.000000000000000
Beta Molecular Orbitals
    1 Beta Orbital Energy    -0.375684 Occupation  1.000000 Symmetry Ap      
  0.323092706869059  0.269361268926579  0.000142759700470 -0.014401286581814
  0.000000000000000  0.323764266260867  0.275377552457348 -0.000143304814999
  0.014516852500946  0.000000000000000  0.002210340019802  0.009486955635560
 -0.000017383289830  0.000849986678632  0.000000000000000
    2 Beta Orbital Energy     0.036272 Occupation  0.000000 Symmetry Ap      
 -0.150356884528229 -1.046040274188899  0.000056789689199 -0.005090368179353
  0.000000000000000  0.081280044101858  1.058419395289917  0.000170982942742
 -0.010961240649807  0.000000000000000  0.099030737946415  0.589055563954403
 -0.000321732315084  0.015129698638364  0.000000000000000
    3 Beta Orbital Energy     0.127030 Occupation  0.000000 Symmetry Ap      
  0.111499918279528  1.218158613661423 -0.000181092790974  0.019152032873099
  0.000000000000000 -0.209103088793910 -1.180924189096949 -0.000028348914617
  0.011280876902408  0.000000000000000  0.125298672849084  0.670457301837440
 -0.000141768424541  0.007081320263701  0.000000000000000
    4 Beta Orbital Energy     0.558346 Occupation  0.000000 Symmetry Ap      
  0.758817099451903 -0.664458496035838  0.000387029888836 -0.038829366680899
  0.000000000000000  0.719886817161110 -0.688342652488214 -0.000459230601802
  0.048149513011608  0.000000000000000  0.101799303211968  0.068687151448408
  0.000147999283446 -0.007181656003215  0.000000000000000
    5 Beta Orbital Energy     0.980512 Occupation  0.000000 Symmetry Ap      
 -0.870057948972013  1.410183217113039  0.002209963185838 -0.225285015547016
  0.000000000000000  0.847283101610910 -1.382626216489754  0.002138576731198
 -0.223987028679032  0.000000000000000  0.392849784081977 -0.170731353143217
  0.000401215008732 -0.018067784364975  0.000000000000000
    6 Beta Orbital Energy     1.168103 Occupation  0.000000 Symmetry Ap      
  0.211577607711490 -0.634916383913071 -0.001079157305695  0.082921010701561
  0.000000000000000 -0.386206254070674  0.846431528075408 -0.001556289561412
  0.084560939637014  0.000000000000000  1.266977051523054 -1.033566557324325
 -0.000960141166278  0.045227844184754  0.000000000000000
    7 Beta Orbital Energy     1.610798 Occupation  0.000000 Symmetry App     
  0.000000000000000  0.000000000000000  0.000000000000000  0.000000000000000
 -0.612657306178099  0.000000000000000  0.000000000000000  0.000000000000000
  0.000000000000000 -0.613352200323103  0.000000000000000  0.000000000000000
  0.000000000000000  0.000000000000000 -0.000016988440654
    8 Beta Orbital Energy     1.610798 Occupation  0.000000 Symmetry Ap      
  0.000089597969126 -0.000508360588519  0.612627518341122  0.006117177809117
  0.000000000000000 -0.000277731879931  0.000746655328116  0.613320467085160
  0.006129024927049  0.000000000000000  0.001240641079809 -0.001258456458406
  0.000015507443510  0.000069687628489  0.000000000000000
    9 Beta Orbital Energy     2.293102 Occupation  0.000000 Symmetry Ap      
  0.390720233709925 -0.212825146463090 -0.006274308855303  0.636514848738602
  0.000000000000000  0.371845357874689 -0.162016568276086  0.006275209314164
 -0.635520652122413  0.000000000000000  0.019782366179985 -0.008263993242265
  0.003109306006973 -0.150328955947142  0.000000000000000
   10 Beta Orbital Energy     2.376009 Occupation  0.000000 Symmetry App     
  0.000000000000000  0.000000000000000  0.000000000000000  0.000000000000000
  0.000114667865168  0.000000000000000  0.000000000000000  0.000000000000000
  0.000000000000000 -0.000092653883942  0.000000000000000  0.000000000000000
  0.000000000000000  0.000000000000000 -0.999999992506686
   11 Beta Orbital Energy     2.376010 Occupation  0.000000 Symmetry Ap      
  0.000072221945783 -0.000057441431733 -0.000115540705120  0.000085293848949
  0.000000000000000  0.000060838762868 -0.000027433887379  0.000093505563965
 -0.000083880748759  0.000000000000000 -0.000023568916769  0.000009614888044
  0.999768015216248  0.021537950916896  0.000000000000000
&
&hess
   1
   1  3.622382E-04
   2 -3.582781E-03  3.618005E-01
   3  7.798283E-10 -1.519211E-08  3.267210E-04
   4 -4.566388E-04  3.565833E-03 -2.981572E-10  5.593630E-04
   5  3.568193E-03 -3.610800E-01  1.435771E-08 -3.561957E-03  3.609025E-01
   6  3.493890E-11 -1.872939E-08 -4.214040E-04  8.335638E-10  1.724250E-08
   7  8.767702E-05  1.588134E-05  1.470914E-11 -1.135222E-04 -6.899822E-06
   8  1.397797E-05 -6.850903E-04  1.474807E-09 -4.914012E-06  1.461415E-04
   9  7.429973E-11 -1.471549E-10  8.796943E-05 -7.375561E-11 -5.819979E-11
   6
   6  5.237560E-04
   7 -2.677351E-11  2.402186E-05
   8  7.518719E-11 -1.418675E-05  5.351903E-04
   9 -1.136785E-04  1.310444E-10 -9.226659E-10  2.330253E-05
&
&valid
version=1.0
geometry
atom_num=3
   1    -0.0233866624     1.3712771783     0.0000000000
   1    -0.0159519962     0.6206026359     0.0000000000
   1     0.0393386586    -1.9918798142     0.0000000000
end
molecule
molchg=0
multip=2
qs_cuts=   0    0    0
end
basis
name=6-31g**                         
numd=6
atom_basis_num=0
end
&
