MAEFILE: h2_scan.01.mae
&gen 
basis=6-31g** 
igeopt=1 
multip=2 
dftname=pbe-d3 
&
&zmat
 H1             0.0240750639             1.8675264928            -0.0000047856
 H2             0.0071911454            -0.6342930529             0.0000121691
 H3            -0.0344621612            -1.4332078852            -0.0000073845
&
&zvar
  r = 1.4 to 0.8 in  13  
&
&coord
H3 H2 # r
&
&guess  basgss=6-31g** numd=6
Alpha Molecular Orbitals
    1 Alpha Orbital Energy    -0.368778 Occupation  1.000000
  0.044149184922592  0.067209125502002 -0.000016562747887 -0.002046696109819
  0.000000012405182  0.315496750655126  0.283279382710707 -0.000741157510644
 -0.013888605350526 -0.000000351954093  0.314768514434849  0.275623388545981
  0.000733869392768  0.014105564448651  0.000000344605242
    2 Alpha Orbital Energy    -0.273107 Occupation  1.000000
  0.429160179587078  0.652770472025163  0.000020879489440 -0.000103131016998
  0.000000015560535 -0.040983132739740  0.014469859465344  0.000104853817008
  0.005135355343748  0.000000013561134 -0.061614844396500 -0.096013967800001
 -0.000135922097178 -0.002049910845263 -0.000000070205725
    3 Alpha Orbital Energy     0.068633 Occupation  0.000000
 -0.103570991634507 -0.098159000133245 -0.000056217058186 -0.015066268389687
  0.000000135533514  0.212117175946107  1.475024363956890  0.000813053128402
  0.014745308637455  0.000000391140798 -0.198125659505538 -1.476929590673224
  0.000847419433777  0.016114013546933  0.000000399745372
    4 Alpha Orbital Energy     0.555142 Occupation  0.000000
  0.473557816632241 -0.355851190176767  0.000171905277883  0.018556986134520
 -0.000000096298639  0.713991475218106 -0.552330414691527 -0.002158133239819
 -0.049026267517770 -0.000000926318764  0.672615288942331 -0.666217926882741
  0.002832649778091  0.052973437263683  0.000001346794574
    5 Alpha Orbital Energy     0.705186 Occupation  0.000000
  1.139941431044002 -1.098454012083935 -0.000099403016807 -0.013587086796505
  0.000000088181510 -0.124644053111404  0.320994743087938  0.004151391328615
  0.049559224709898  0.000002292252659 -0.501256691169526  0.309669071439080
  0.001230926048407  0.017518439949166  0.000000647272630
    6 Alpha Orbital Energy     0.972091 Occupation  0.000000
  0.287900668562348 -0.399558019682367 -0.000329809787628 -0.073253434805341
  0.000000616097017 -0.964556908878357  1.610414016077329 -0.009243134141774
 -0.194888457309846 -0.000004136443861  0.855723681897515 -1.487236610563227
 -0.010052611559427 -0.197680540594375 -0.000004666508468
    7 Alpha Orbital Energy     1.618668 Occupation  0.000000
 -0.000000010023482  0.000000012476050 -0.000000099540248 -0.000000004991448
  0.000129151003960  0.000000005391585 -0.000000008004721 -0.000427351217242
  0.000007022269603  0.623435211532958 -0.000000001622509  0.000000004619541
 -0.000427993473206  0.000007028402132  0.624371778730135
    8 Alpha Orbital Energy     1.618676 Occupation  0.000000
  0.003204207724217 -0.004006496419905 -0.000133369746217 -0.000738503353480
 -0.000000071253823 -0.000986369938425  0.002497785159240 -0.622588505546335
  0.032318703280327 -0.000427134877075  0.000299682327382 -0.001628360321867
 -0.623538146868861  0.032391052144847 -0.000427786631998
    9 Alpha Orbital Energy     1.871213 Occupation  0.000000
  0.000000000084498 -0.000000000100115  0.000688658903616 -0.000011475585851
 -0.999999751520400  0.000000000033811 -0.000000000278491 -0.000000016626464
  0.000000002130697  0.000021158054666  0.000000000944361  0.000000000149041
 -0.000000111371040  0.000000000128330  0.000143508746922
   10 Alpha Orbital Energy     1.871221 Occupation  0.000000
  0.000046307042101 -0.000041366426027 -0.999981671704258  0.006010807569362
 -0.000688715434253 -0.000107940997277  0.000275412442436  0.000016262062163
 -0.000093198311888  0.000000010247057  0.000154077179039 -0.000377868719041
  0.000146521912881  0.000055955431521  0.000000088596394
   11 Alpha Orbital Energy     1.890251 Occupation  0.000000
  0.039300122057267 -0.064572719255102  0.005993501567594  0.997274354014832
 -0.000007316219981 -0.118307070780055  0.287220886488615  0.001145184760356
  0.024686387788432  0.000000508333068  0.083110565643809 -0.223404815565381
 -0.002836143378513 -0.040727796032981 -0.000001478727107
   12 Alpha Orbital Energy     2.202098 Occupation  0.000000
  0.014074549746479 -0.005044521679219 -0.000455664481053 -0.054476714677537
  0.000000314080239  0.385654502310111 -0.199728680453711  0.032681664426580
  0.627058826840943  0.000015335079287  0.376870676857494 -0.180469145026786
 -0.032696878214473 -0.627405921367786 -0.000015346371823
Beta Molecular Orbitals
    1 Beta Orbital Energy    -0.367170 Occupation  1.000000
  0.003671054393314  0.011731037623560 -0.000009928688809 -0.000994469579704
  0.000000004903203  0.318333803938121  0.286796848985680 -0.000749511213935
 -0.014344264284505 -0.000000352512503  0.317131821860280  0.278166123912012
  0.000740530134084  0.014229765022835  0.000000347775712
    2 Beta Orbital Energy     0.014903 Occupation  0.000000
  0.125528490803887  0.606167217181032 -0.000082158959983 -0.013697835733951
  0.000000101712099  0.078123428423738  0.904721265299417  0.000306802133156
  0.011388679839292  0.000000081062031 -0.152143268909523 -0.903803025737863
  0.000169066546636  0.003981683042122  0.000000071055209
    3 Beta Orbital Energy     0.109945 Occupation  0.000000
 -0.137301206323955 -0.632759585448364  0.000059658600199  0.003791973477738
 -0.000000001721363  0.223785884538163  1.162220401376906  0.000879097753779
  0.009928110552710  0.000000491620300 -0.130721486515305 -1.185864735378481
  0.001036688022100  0.018967529494753  0.000000497491629
    4 Beta Orbital Energy     0.576645 Occupation  0.000000
 -0.118892423278285 -0.058842360308122 -0.000092779772969 -0.010258562736450
  0.000000055254991 -0.728839136982971  0.680491039030667  0.003138757704948
  0.058679690790959  0.000001491234458 -0.779718742786028  0.675061568729712
 -0.002496497138199 -0.048130853640753 -0.000001170676265
    5 Beta Orbital Energy     0.947966 Occupation  0.000000
 -0.395076237811529  0.165041052113309 -0.000074498087560 -0.024614390668159
  0.000000232343018 -0.867980317546496  1.353188391427044 -0.009986037476450
 -0.184965261381828 -0.000004761518313  0.888643324452038 -1.378891249012404
 -0.009849625718779 -0.187090808899144 -0.000004647437059
    6 Beta Orbital Energy     1.128359 Occupation  0.000000
 -1.263421725547387  1.065375347232252  0.000275046942998  0.044623823052332
 -0.000000325746398  0.410815709058565 -0.865419709073513  0.000561464430747
  0.073855063869165 -0.000000457807192 -0.203512806272666  0.616435196207452
  0.002447666186570  0.068947445862386  0.000000899040346
    7 Beta Orbital Energy     1.619321 Occupation  0.000000
  0.000000012288021 -0.000000012682504  0.000000035401950  0.000000001896531
 -0.000045868061974 -0.000000004536384  0.000000006198388  0.000428652768867
 -0.000007063844426 -0.624512837913732  0.000000001010092 -0.000000003171449
  0.000427816475017 -0.000007045360101 -0.623294025184248
    8 Beta Orbital Energy     1.619334 Occupation  0.000000
  0.005657351576940 -0.005977156343309 -0.000048346922585 -0.000394268404943
 -0.000000024483000 -0.001402505521506  0.003600913535362 -0.623662569373417
  0.032268848282526 -0.000428434162261  0.000363180234343 -0.002307451186414
 -0.622465299634445  0.032305238009751 -0.000427612777368
    9 Beta Orbital Energy     2.200929 Occupation  0.000000
  0.029347875798045 -0.019626493425195  0.000937682566026  0.105323769470531
 -0.000000568532987  0.364310775774109 -0.157184991653232  0.032675241654466
  0.624365032074114  0.000015360584426  0.384080815227254 -0.208883913182733
 -0.032798048720329 -0.624275875805079 -0.000015450041352
   10 Beta Orbital Energy     2.330103 Occupation  0.000000
 -0.000000006505093  0.000000008053277  0.000702485197716 -0.000011723245857
 -0.999999705518865  0.000000020561674 -0.000000041479493  0.000000173523030
  0.000000000930328 -0.000221517674181 -0.000000007236667  0.000000029855715
 -0.000000221662030 -0.000000001263745  0.000282594973615
   11 Beta Orbital Energy     2.330105 Occupation  0.000000
 -0.000068555574812  0.000026383216175 -0.999985522614683  0.005311997576420
 -0.000702537520562  0.000180707921340 -0.000053498586392 -0.000209473594211
  0.000253932312852 -0.000000133494816  0.000266606671605 -0.000261269160550
  0.000270517238100 -0.000261499653620  0.000000171566269
&
&hess
   1
   1  8.641797E-03
   2  4.055887E-04  8.524654E-04
   3  1.458614E-04 -1.183746E-06  9.017125E-03
   4 -3.587819E-02 -1.605882E-03 -4.565728E-05  1.491896E-01
   5 -4.081122E-03  1.427991E-04 -8.618256E-06  2.065773E-02  7.262316E-02
   6 -6.141210E-04  5.015275E-06 -3.798866E-02  1.908421E-04  3.785725E-05
   7  2.723639E-02  1.200294E-03 -1.002042E-04 -1.133114E-01 -1.657661E-02
   8  3.675533E-03 -9.952645E-04  9.802002E-06 -1.905185E-02 -7.276596E-02
   9  4.682595E-04 -3.831529E-06  2.897154E-02 -1.451848E-04 -2.923899E-05
   6
   6  1.600442E-01
   7  4.232789E-04  8.607503E-02
   8 -4.287252E-05  1.537631E-02  7.376122E-02
   9 -1.220555E-01 -3.230747E-04  3.307052E-05  9.308400E-02
&
&valid
version=1.0
geometry
atom_num=3
   1     0.0240750639     1.8675264928    -0.0000047856
   1     0.0071911454    -0.6342930529     0.0000121691
   1    -0.0344621612    -1.4332078852    -0.0000073845
end
molecule
molchg=0
multip=2
qs_cuts=   0    0    0
end
basis
name=6-31g**                         
numd=6
atom_basis_num=0
end
&
